155
18
11
4
10
9
11
8
17
12
12
10
21
28
22
16
13
17
19
15
12
19
21
21
43
37
24
37
20
41
30
40
65
30
27
46
40
38
49
45
57
45
63
55
41
54
69
51
51
71
71
63
78
78
104
98
89
101
77
82
125
128
106
108
114
150
126
158
158
168
154
159
202
194
189
221
212
241
202
256
250
302
287
338
288
295
342
370
393
359
403
391
428
449
472
474
494
509
494
522
539
584
626
594
665
639
700
680
724
807
730
751
722
714
823
802
830
825
855
831
838
804
858
836
810
853
865
884
849
832
902
838
815
811
847
721
783
785
734
755
746
779
759
712
698
685
590
640
631
681
586
548
545
549
496
471
469
457
466
348
402
373
378
360
319
307
298
294
266
217
247
213
229
197
179
162
190
152
183
144
139
131
121
120
111
127
126
96
87
90
99
90
80
91
74
77
85
70
72
54
67
76
71
60
57
56
44
52
61
60
57
37
62
56
43
51
26
46
48
33
49
31
35
38
31
49
35
26
43
29
30
34
22
32
27
30
22
28
28
22
23
14
15
13
19
19
20
7
7
19
7
13
10
5
132
1